57,47	4
36,50	4
26,72	2
65,11	3
83,14	3
64,11	3
6,55	5
11,10	5
60,6	3
70,62	1
71,85	1
36,30	4
7,96	2
58,6	3
78,51	1
93,22	3
13,42	5
3,16	5
97,35	3
97,81	1
94,32	3
68,90	1
7,98	2
90,59	1
98,24	3
90,85	1
6,16	5
11,86	2
64,78	1
71,98	1
82,81	1
13,78	2
86,32	3
16,77	2
92,12	3
91,43	3
50,71	2
96,91	1
29,51	4
12,92	2
40,80	2
38,91	2
93,48	3
43,39	4
29,79	2
67,27	3
88,39	3
40,41	4
98,91	1
46,21	4
11,86	2
39,99	2
56,94	1
96,0	3
100,37	3
55,43	4
59,37	4
96,44	3
68,9	3
81,47	3
29,44	4
75,96	1
38,8	5
48,69	2
44,22	4
71,47	3
39,54	4
93,7	3
47,53	4
9,99	2
54,53	4
24,96	2
71,39	3
10,41	5
11,40	5
5,16	5
14,13	5
56,26	4
66,3	3
89,75	1
90,62	1
57,13	4
22,34	5
65,76	1
31,5	5
2,13	5
62,84	1
8,91	2
43,22	4
85,67	1
29,18	5
41,12	4
24,39	5
43,20	4
45,91	2
58,33	4
86,8	3
44,100	2
58,95	1
53,85	2
