57,47	4
36,50	3
26,72	5
65,11	4
83,14	2
64,11	4
6,55	3
11,10	3
60,6	4
70,62	1
71,85	1
36,30	4
7,96	5
58,6	4
78,51	2
93,22	2
13,42	3
3,16	3
97,35	2
97,81	1
94,32	2
68,90	1
7,98	5
90,59	2
98,24	2
90,85	1
6,16	3
11,86	5
64,78	1
71,98	1
82,81	1
13,78	5
86,32	2
16,77	5
92,12	2
91,43	2
50,71	1
96,91	1
29,51	3
12,92	5
40,80	5
38,91	5
93,48	2
43,39	4
29,79	5
67,27	4
88,39	2
40,41	4
98,91	1
46,21	4
11,86	5
39,99	5
56,94	1
96,0	2
100,37	2
55,43	4
59,37	4
96,44	2
68,9	4
81,47	2
29,44	3
75,96	1
38,8	4
48,69	1
44,22	4
71,47	2
39,54	3
93,7	2
47,53	4
9,99	5
54,53	4
24,96	5
71,39	2
10,41	3
11,40	3
5,16	3
14,13	3
56,26	4
66,3	4
89,75	1
90,62	1
57,13	4
22,34	3
65,76	1
31,5	4
2,13	3
62,84	1
8,91	5
43,22	4
85,67	1
29,18	3
41,12	4
24,39	3
43,20	4
45,91	5
58,33	4
86,8	2
44,100	5
58,95	1
53,85	1
