57,47	5
36,50	5
26,72	7
65,11	2
83,14	2
64,11	2
6,55	5
11,10	3
60,6	2
70,62	1
71,85	1
36,30	6
7,96	7
58,6	2
78,51	4
93,22	4
13,42	5
3,16	3
97,35	4
97,81	1
94,32	4
68,90	1
7,98	7
90,59	4
98,24	4
90,85	1
6,16	3
11,86	7
64,78	1
71,98	1
82,81	1
13,78	7
86,32	4
16,77	7
92,12	2
91,43	4
50,71	1
96,91	1
29,51	5
12,92	7
40,80	7
38,91	7
93,48	4
43,39	5
29,79	7
67,27	2
88,39	4
40,41	5
98,91	1
46,21	6
11,86	7
39,99	7
56,94	1
96,0	2
100,37	4
55,43	5
59,37	6
96,44	4
68,9	2
81,47	4
29,44	5
75,96	1
38,8	6
48,69	5
44,22	6
71,47	4
39,54	5
93,7	2
47,53	5
9,99	7
54,53	5
24,96	7
71,39	4
10,41	5
11,40	5
5,16	3
14,13	3
56,26	6
66,3	2
89,75	1
90,62	4
57,13	6
22,34	5
65,76	1
31,5	6
2,13	3
62,84	1
8,91	7
43,22	6
85,67	1
29,18	6
41,12	6
24,39	5
43,20	6
45,91	7
58,33	6
86,8	2
44,100	7
58,95	1
53,85	1
