57,47	7
36,50	7
26,72	4
65,11	6
83,14	6
64,11	6
6,55	7
11,10	3
60,6	6
70,62	1
71,85	1
36,30	7
7,96	4
58,6	6
78,51	2
93,22	2
13,42	7
3,16	3
97,35	2
97,81	1
94,32	2
68,90	1
7,98	4
90,59	2
98,24	2
90,85	1
6,16	3
11,86	4
64,78	5
71,98	1
82,81	1
13,78	4
86,32	2
16,77	4
92,12	6
91,43	2
50,71	5
96,91	1
29,51	7
12,92	4
40,80	5
38,91	5
93,48	2
43,39	7
29,79	4
67,27	6
88,39	2
40,41	7
98,91	1
46,21	6
11,86	4
39,99	5
56,94	5
96,0	6
100,37	2
55,43	7
59,37	6
96,44	2
68,9	6
81,47	2
29,44	7
75,96	1
38,8	3
48,69	5
44,22	6
71,47	2
39,54	7
93,7	6
47,53	7
9,99	4
54,53	7
24,96	4
71,39	2
10,41	7
11,40	7
5,16	3
14,13	3
56,26	6
66,3	6
89,75	1
90,62	2
57,13	6
22,34	7
65,76	5
31,5	3
2,13	3
62,84	5
8,91	4
43,22	6
85,67	1
29,18	3
41,12	6
24,39	7
43,20	6
45,91	5
58,33	6
86,8	6
44,100	5
58,95	5
53,85	5
